739776
1462236
3615840
6208401
7980626
12870935
13164223
16895181
17733318
19352478
19597155
20199422
23947543
27280988
30565482
33803680
33967703
34066742
37234981
40431564
40520147
44619278
52205016
52933089
54723515
58270355
59117553
59694942
60236123
60863734
60970098
64064951
70166670
70843459
79929604
84877434
89194273
92508854
93157806
94407036
99605852
99831474
100637219
106826254
107148704
107379528
109104108
112263456
113414933
114129218
114148991
114328691
115039134
115042526
119172775
120409486
123364466
129395655
129861385
132544782
134970874
135050429
137082440
138541760
138946627
139607954
143486308
148630084
148657320
150164371
151365995
153377029
156359672
157290775
157894238
159175600
161453309
162438536
163012885
164654593
167082080
168390120
173973012
177639149
178806958
180225099
182300935
183947698
184702288
190640342
190908996
191738218
192432636
192531069
193143014
194719438
196898588
197876955
199857723
202793243
203392436
204096603
204223155
205075202
215354680
216677787
220256117
220324703
222273114
222718147
224271371
234078670
234290618
236344193
236376254
237848018
240226233
240523212
240898460
241638236
242067009
243958775
244723420
247043173
250701282
254109573
255965524
257904353
259556647
260154703
261281068
264216289
264383010
267445477
269298523
270887061
272275058
274196229
274810765
276745762
276828192
276912486
278396008
283240062
284578810
286738642
288753150
290848965
292345322
293922327
297411067
302840540
304889648
308441711
311644392
313207404
314241316
320731846
322556830
323035207
327989070
334131942
336623094
338214026
344679389
346412316
348861189
350347003
359867964
361792750
363207521
363442388
367228621
368691818
373306169
373314995
376755278
378736100
382580482
383192696
384645534
385124544
385577800
385733804
390838327
390892564
391636693
397331580
397740349
398001423
399969854
401593514
403082757
404760866
405853863
406771479
406975402
409564068
410969268
411514887
416001091
416132766
418108886
418313030
418764166
419063398
421958277
426097760
428209708
428720926
433829063
434367046
436499651
440811718
442770408
443435515
444631384
449033978
450663075
451876277
451928019
456413584
456421259
457602567
459826959
461526565
475491617
476254310
477593495
478377688
479489644
481404192
484210407
486123306
488158465
495357778
502965842
505850951
507325921
507547298
512252796
514339643
517138719
525081972
526703320
526865203
526947819
526971936
531704703
535259085
536925593
536982895
542174418
542217540
544304011
544793053
547641939
548871797
548929180
549254522
550542361
550795703
559460857
570087788
571031785
573446780
575594852
575723765
584557652
586068925
587385308
587631623
593443891
595730459
595931289
596987240
597552587
601195099
607781419
609884663
614675935
615060171
617808609
618038415
619298744
624291237
625009689
626723918
627800814
628144742
628254850
633898103
636162024
637620115
637794955
638637521
639148739
639507996
641280314
641783424
644550667
644768984
649223962
654842598
655158165
657635252
658229708
660021937
661790244
663235136
665747849
667008203
669640268
672700113
673369278
674084000
676427560
678964688
681799304
684349580
689650573
691943504
695485424
698583335
699647266
700178957
700427440
701961490
706108905
706959820
707408613
709574821
710494302
716122275
721422758
726307337
727880822
729550763
731192695
731259842
733785034
736783317
738175945
740457354
743349893
743696010
745010783
748417791
749637753
751097416
756184866
756340533
756982739
756988341
759626044
760595656
764141091
767511200
769185297
769633448
770702116
782574221
784185289
787063064
788995889
789214874
793130668
794259520
796824261
804166458
804712651
805234788
808956649
809667676
810611000
813507027
816324465
819766966
822873657
829981677
830450966
832321795
834407101
837013775
837052564
838347712
841371226
841569444
841761587
842807500
844554808
844593290
854155524
855787340
865175815
866541095
867033018
867042098
868846648
870000026
870321859
871335347
873943029
874936012
875020571
875027762
876807655
876852304
878279176
878319487
879741412
880985458
882933043
884435161
885705167
887149700
888802257
891518781
891726349
892572442
894555015
895143576
897306096
898455942
900251887
902461859
903595867
904288232
908226339
911901133
916597633
924411675
925594400
926112946
930358244
931391213
934056736
936763295
937726658
938787751
939920577
942648816
944064422
944072501
945420055
946182315
947573778
949439347
951879714
953850957
957662115
958742281
960213370
967100835
972109587
976534549
976929386
978040204
978262894
982084717
982570255
985216305
986385909
987873883
988968311
989946102
989955737
990039334
990243806
991276405
993670604
997448351
1001569845
1003648575
1005987376
1006701660
1006999737
1007809901
1012842422
1013666821
1013744651
1014329906
1014660733
1018103747
1018800226
1019705926
1019804636
1020106615
1024311329
1029642778
1032276971
1034236824
1036120689
1036195614
1036624328
1036910287
1037320571
1038483372
1038954168
1039521980
1042602419
1042855180
1045639672
1045888702
1053330085
1053969050
1060376679
1060800002
1065389492
1065745425
1066847229
1067696207
1067761679
1073355670
1074896856
1076741609
1086320571
1086550877
1096661176
1098411122
1100543939
1101165460
1104217424
1104882982
1107506629
1110823626
1114899027
1117329651
1120991757
1122727313
1124399415
1125824361
1131229696
1136972431
1137056305
1137627597
1137722003
1140476080
1141258702
1144720815
1152657262
1154538492
1157423685
1158937907
1160014680
1161992372
1163759821
1167537913
1168069324
1169254581
1173214804
1173591959
1176524857
1176694551
1177020841
1181025989
1181117777
1181959032
1182378738
1182720921
1184332405
1185088738
1187650256
1187823057
1188795921
1193754841
1194829967
1195780933
1200073881
1201251841
1201942947
1211502321
1214935525
1215009879
1216443365
1222530730
1228907551
1237797138
1238190388
1240505446
1246410467
1249111430
1250082284
1259040031
1259805967
1266358251
1266978549
1271385133
1274017501
1277793471
1278958948
1281409311
1283047609
1283156803
1283628429
1284704918
1284887398
1286768536
1286805738
1288186305
1288611256
1294623535
1296095056
1302129116
1302685112
1304634625
1306576689
1307985204
1310002995
1311704115
1312554187
1314086726
1314409252
1317962842
1319303280
1320832948
1320970776
1326878232
1330025859
1330982659
1330986884
1331168174
1336927222
1337771125
1338510901
1340816272
1343816489
1344016316
1344790609
1349420228
1349507897
1365330177
1371570597
1377913743
1379520512
1380548404
1381397386
1381834510
1382956655
1382989933
1384611617
1396548084
1396645207
1398019361
1400276122
1400528093
1401574849
1403353580
1404212969
1412156722
1415594661
1417089312
1420223478
1420400353
1420682819
1422354657
1427427963
1432731982
1433153732
1435559372
1436031248
1436441012
1436696900
1437302224
1438854953
1445676549
1451718629
1452328159
1454616138
1454955259
1458874923
1458936485
1460086298
1464128194
1464705950
1470378453
1471347218
1475950724
1477870173
1478030412
1482593491
1487479961
1487927932
1489581264
1491220110
1491437871
1491706362
1491783968
1494380690
1496302748
1497503024
1498122673
1501744489
1504276804
1504453644
1510836183
1512945869
1514099598
1514741247
1519550631
1520055008
1520413982
1522566905
1523206293
1526111431
1529000376
1530439081
1532081875
1532666201
1535578522
1537040758
1545029142
1546486198
1550122716
1550504929
1551398678
1551870072
1552227327
1552407969
1555631072
1557655597
1558045502
1559770470
1559927879
1561340086
1562483796
1562832555
1574357615
1577448472
1580149138
1580332925
1580745761
1583031977
1585814509
1586737976
1586971640
1587026574
1587415314
1587533784
1588535728
1589420077
1593795049
1594555505
1597386575
1602372387
1604471294
1608332288
1608335889
1610669912
1610956744
1612204361
1612777343
1613289855
1614674605
1614777459
1615549158
1618551250
1619608260
1619817816
1624772795
1625675841
1630757477
1632280584
1636552906
1637818609
1639737338
1646615303
1647221045
1654232538
1655037190
1656459425
1658061522
1658860554
1659941561
1671013616
1681158226
1682616201
1683111315
1684220688
1686062024
1688775077
1690872397
1691577690
1691752886
1691826514
1695717918
1696231432
1697165422
1697652419
1699326283
1700967952
1701155538
1702572340
1711948148
1713525311
1713620072
1713922860
1716751773
1717421626
1719579749
1724377563
1736045398
1738531854
1740009979
1742425133
1745543448
1748150675
1749737489
1749956583
1755159029
1756549068
1756989608
1764372721
1765963003
1769165913
1770581122
1773693604
1774394087
1774937166
1775728392
1777146897
1780450740
1780496611
1783709018
1787139247
1787787059
1788883464
1793421683
1796327519
1797024001
1799050833
1800218221
1800391792
1806585906
1806834336
1809338204
1810526643
1819411223
1826186814
1830132139
1832725656
1833871390
1834568083
1838014079
1838183924
1839047939
1843499308
1844511166
1846283031
1848419021
1851680635
1853122111
1853930670
1858580867
1859486193
1861494537
1861745681
1861955146
1862138333
1862612136
1863030513
1863922451
1864172376
1864856769
1870402011
1871372512
1871891704
1873540137
1876088819
1876667470
1877114521
1877573528
1877938321
1878389718
1880855614
1882419314
1884859585
1886542803
1887015126
1887365000
1891189964
1891274522
1891819620
1893032986
1895413352
1900526283
1904153206
1905738472
1906259615
1908167763
1908541730
1910692028
1914354263
1917311736
1919326556
1923041103
1924312220
1925411853
1929491146
1933796692
1940879936
1940912560
1941896150
1945150687
1945701015
1950260599
1953866012
1964077310
1964880763
1965273682
1965628038
1965733049
1967174759
1968499246
1971292675
1971809283
1977525035
1978625750
1978863426
1979363961
1979864827
1980476620
1984081053
1987734863
1994167388
1995306528
2001459200
2004411941
2006506534
2007079480
2008433766
2010656143
2011079230
2012689036
2016150741
2016529600
2017448139
2018513135
2019654197
2021788631
2024980550
2025847591
2026472308
2030285017
2030436707
2030741413
2033220823
2035793946
2042407079
2050071496
2054205631
2055120287
2055208627
2057235116
2059040004
2059588105
2063100913
2063762012
2069075814
2069798488
2070804021
2071816112
2072008967
2075761986
2079558726
2082706757
2082966555
2084625702
2086366392
2086568504
2088780351
2091686281
2092127058
2092136063
2093666500
2094692056
2098622854
2100779363
2101627491
2103781021
2109514971
2109698309
2111156787
2114952562
2115069365
2115780098
2117743301
2118625880
2125176000
2129617559
2133774391
2133832571
2135881063
2138183363
2141078597
2141558867
2142763939
2142791668
2146012127
2146972430
